[0] [1054]
[1] [1008]
[2] [1011]
[3] [987]
[4] [961]
[5] [1028]
[6] [1030]
[7] [1063]
[8] [987]
[9] [1024]
[10] [1006]
[11] [1005]
[12] [1008]
[13] [1014]
[14] [1079]
[15] [987]
[16] [975]
[17] [1027]
[18] [1049]
[19] [964]
[20] [1027]
[21] [1003]
[22] [1002]
[23] [1018]
[24] [991]
[25] [971]
[26] [965]
[27] [1025]
[28] [961]
[29] [1027]
[30] [1015]
[31] [1036]
[32] [1026]
[33] [995]
[34] [1028]
[35] [959]
[36] [1034]
[37] [1016]
[38] [965]
[39] [982]
[40] [973]
[41] [953]
[42] [1027]
[43] [1026]
[44] [960]
[45] [977]
[46] [1017]
[47] [1079]
[48] [1061]
[49] [1024]
[50] [1084]
[51] [1007]
[52] [966]
[53] [987]
[54] [1020]
[55] [1031]
[56] [1016]
[57] [998]
[58] [953]
[59] [1024]
[60] [953]
[61] [987]
[62] [1016]
[63] [1020]
[64] [988]
[65] [1063]
[66] [965]
[67] [1007]
[68] [1040]
[69] [1005]
[70] [1030]
[71] [1012]
[72] [1047]
[73] [994]
[74] [1090]
[75] [941]
[76] [977]
[77] [993]
[78] [1015]
[79] [1024]
[80] [1029]
[81] [1002]
[82] [1031]
[83] [1023]
[84] [1041]
[85] [974]
[86] [945]
[87] [953]
[88] [1015]
[89] [1006]
[90] [983]
[91] [1037]
[92] [1006]
[93] [1011]
[94] [960]
[95] [1004]
[96] [1007]
[97] [1014]
[98] [1002]
[99] [1067]
[100] [1005]
[101] [1022]
[102] [961]
[103] [994]
[104] [1025]
[105] [991]
[106] [1062]
[107] [1017]
[108] [982]
[109] [1016]
[110] [1033]
[111] [1011]
[112] [980]
[113] [995]
[114] [1016]
[115] [1006]
[116] [1043]
[117] [1062]
[118] [1026]
[119] [961]
[120] [1018]
[121] [1009]
[122] [1044]
[123] [953]
[124] [1005]
[125] [982]
[126] [1035]
[127] [1019]
[128] [985]
[129] [1015]
[130] [1018]
[131] [1035]
[132] [1002]
[133] [1037]
[134] [994]
[135] [1005]
[136] [1007]
[137] [1006]
[138] [979]
[139] [1014]
[140] [1023]
[141] [983]
[142] [1024]
[143] [1000]
[144] [985]
[145] [1077]
[146] [1042]
[147] [958]
[148] [1013]
[149] [1022]
[150] [1013]
[151] [1041]
[152] [969]
[153] [1029]
[154] [1028]
[155] [1019]
[156] [1029]
[157] [1047]
[158] [1008]
[159] [997]
[160] [1018]
[161] [1033]
[162] [1008]
[163] [1084]
[164] [1037]
[165] [1003]
[166] [1077]
[167] [1019]
[168] [982]
[169] [1059]
[170] [995]
[171] [990]
[172] [1082]
[173] [967]
[174] [998]
[175] [1028]
[176] [1038]
[177] [1015]
[178] [1009]
[179] [1026]
[180] [979]
[181] [1011]
[182] [1023]
[183] [999]
[184] [980]
[185] [974]
[186] [1017]
[187] [1043]
[188] [1018]
[189] [1035]
[190] [1006]
[191] [1048]
[192] [953]
[193] [1011]
[194] [1022]
[195] [1004]
[196] [917]
[197] [991]
[198] [1046]
[199] [999]
[200] [1039]
[201] [1068]
[202] [984]
[203] [1019]
[204] [1025]
[205] [1017]
[206] [1004]
[207] [1010]
[208] [1013]
[209] [1017]
[210] [970]
[211] [1002]
[212] [1001]
[213] [927]
[214] [1016]
[215] [1044]
[216] [990]
[217] [987]
[218] [997]
[219] [1032]
[220] [1044]
[221] [969]
[222] [961]
[223] [951]
[224] [1021]
[225] [990]
[226] [950]
[227] [1032]
[228] [965]
[229] [1028]
[230] [989]
[231] [1032]
[232] [969]
[233] [961]
[234] [966]
[235] [1003]
[236] [1030]
[237] [1009]
[238] [1004]
[239] [1066]
[240] [996]
[241] [1038]
[242] [984]
[243] [964]
[244] [1046]
[245] [931]
[246] [1041]
[247] [992]
[248] [944]
[249] [1025]
[250] [1056]
[251] [1014]
[252] [1036]
[253] [1026]
[254] [1021]
[255] [977]
[256] [960]
[257] [999]
[258] [1027]
[259] [1017]
[260] [998]
[261] [946]
[262] [951]
[263] [1022]
[264] [1003]
[265] [1070]
[266] [1020]
[267] [974]
[268] [986]
[269] [1096]
[270] [1031]
[271] [1039]
[272] [982]
[273] [1007]
[274] [1019]
[275] [1018]
[276] [1034]
[277] [1051]
[278] [995]
[279] [930]
[280] [1082]
[281] [1022]
[282] [1012]
[283] [982]
[284] [992]
[285] [1040]
[286] [1045]
[287] [1049]
[288] [1023]
[289] [1005]
[290] [958]
[291] [955]
[292] [965]
[293] [1018]
[294] [1047]
[295] [950]
[296] [1111]
[297] [965]
[298] [1028]
[299] [974]
[300] [1028]
[301] [1042]
[302] [1026]
[303] [1011]
[304] [1025]
[305] [956]
[306] [1023]
[307] [1004]
[308] [1007]
[309] [1048]
[310] [1072]
[311] [1052]
[312] [1037]
[313] [1044]
[314] [1010]
[315] [974]
[316] [1061]
[317] [981]
[318] [1071]
[319] [993]
[320] [978]
[321] [967]
[322] [962]
[323] [954]
[324] [1012]
[325] [1031]
[326] [1040]
[327] [1028]
[328] [1023]
[329] [1037]
[330] [1011]
[331] [1018]
[332] [976]
[333] [977]
[334] [942]
[335] [968]
[336] [1002]
[337] [958]
[338] [1012]
[339] [1019]
[340] [946]
[341] [1021]
[342] [1019]
[343] [1019]
[344] [1001]
[345] [1001]
[346] [1013]
[347] [1090]
[348] [1043]
[349] [986]
[350] [1013]
[351] [991]
[352] [998]
[353] [1019]
[354] [925]
[355] [1033]
[356] [1064]
[357] [1002]
[358] [1029]
[359] [1035]
[360] [1016]
[361] [1018]
[362] [996]
[363] [1005]
[364] [1021]
[365] [1000]
[366] [1081]
[367] [1034]
[368] [1017]
[369] [1009]
[370] [989]
[371] [1014]
[372] [960]
[373] [1048]
[374] [1017]
[375] [1061]
[376] [987]
[377] [993]
[378] [1025]
[379] [1022]
[380] [1060]
[381] [996]
[382] [1009]
[383] [991]
[384] [1048]
[385] [1045]
[386] [1004]
[387] [973]
[388] [1036]
[389] [1026]
[390] [1015]
[391] [961]
[392] [1001]
[393] [941]
[394] [1024]
[395] [1010]
[396] [1031]
[397] [975]
[398] [962]
[399] [953]
[400] [1013]
[401] [1038]
[402] [1096]
[403] [999]
[404] [1063]
[405] [1020]
[406] [1108]
[407] [1028]
[408] [1007]
[409] [1007]
[410] [1010]
[411] [1002]
[412] [1040]
[413] [1025]
[414] [1015]
[415] [1080]
[416] [1031]
[417] [981]
[418] [1006]
[419] [990]
[420] [958]
[421] [981]
[422] [974]
[423] [1047]
[424] [1004]
[425] [983]
[426] [1045]
[427] [1041]
[428] [1012]
[429] [998]
[430] [968]
[431] [1022]
[432] [1063]
[433] [1005]
[434] [1015]
[435] [956]
[436] [1063]
[437] [1022]
[438] [1004]
[439] [1000]
[440] [1012]
[441] [1054]
[442] [1009]
[443] [997]
[444] [979]
[445] [1043]
[446] [990]
[447] [1065]
[448] [1039]
[449] [1023]
[450] [1005]
[451] [1061]
[452] [926]
[453] [968]
[454] [1030]
[455] [1013]
[456] [991]
[457] [975]
[458] [987]
[459] [978]
[460] [980]
[461] [974]
[462] [992]
[463] [996]
[464] [965]
[465] [1031]
[466] [1005]
[467] [1000]
[468] [1054]
[469] [1049]
[470] [1005]
[471] [1035]
[472] [1023]
[473] [991]
[474] [1008]
[475] [1053]
[476] [926]
[477] [1018]
[478] [1033]
[479] [975]
[480] [949]
[481] [1011]
[482] [1002]
[483] [1021]
[484] [1027]
[485] [974]
[486] [1003]
[487] [1005]
[488] [1007]
[489] [1048]
[490] [1015]
[491] [1021]
[492] [1050]
[493] [1000]
[494] [1023]
[495] [1000]
[496] [1003]
[497] [1001]
[498] [959]
[499] [1089]
[500] [1022]
[501] [979]
[502] [996]
[503] [1016]
[504] [1061]
[505] [972]
[506] [1077]
[507] [1009]
[508] [980]
[509] [1003]
[510] [982]
[511] [986]
[512] [1028]
[513] [995]
[514] [999]
[515] [1004]
[516] [1118]
[517] [1027]
[518] [977]
[519] [1048]
[520] [934]
[521] [1032]
[522] [1062]
[523] [978]
[524] [1029]
[525] [1012]
[526] [1034]
[527] [996]
[528] [978]
[529] [1031]
[530] [1004]
[531] [990]
[532] [985]
[533] [936]
[534] [972]
[535] [982]
[536] [967]
[537] [978]
[538] [976]
[539] [999]
[540] [1032]
[541] [1032]
[542] [970]
[543] [962]
[544] [957]
[545] [1026]
[546] [976]
[547] [1032]
[548] [1029]
[549] [996]
[550] [1015]
[551] [1049]
[552] [994]
[553] [1046]
[554] [1014]
[555] [1025]
[556] [992]
[557] [1069]
[558] [967]
[559] [1043]
[560] [996]
[561] [1016]
[562] [1017]
[563] [967]
[564] [1003]
[565] [1001]
[566] [992]
[567] [954]
[568] [971]
[569] [995]
[570] [968]
[571] [1025]
[572] [1014]
[573] [1050]
[574] [934]
[575] [994]
[576] [1040]
[577] [984]
[578] [970]
[579] [1006]
[580] [1009]
[581] [946]
[582] [987]
[583] [933]
[584] [963]
[585] [931]
[586] [1095]
[587] [1012]
[588] [1042]
[589] [981]
[590] [1004]
[591] [972]
[592] [1028]
[593] [971]
[594] [1027]
[595] [970]
[596] [995]
[597] [1068]
[598] [1041]
[599] [1003]
[600] [995]
[601] [1012]
[602] [1058]
[603] [1013]
[604] [1017]
[605] [1037]
[606] [991]
[607] [1011]
[608] [991]
[609] [977]
[610] [991]
[611] [964]
[612] [1005]
[613] [994]
[614] [1048]
[615] [995]
[616] [987]
[617] [974]
[618] [975]
[619] [1032]
[620] [960]
[621] [994]
[622] [1000]
[623] [1030]
[624] [1012]
[625] [987]
[626] [983]
[627] [958]
[628] [977]
[629] [1002]
[630] [1024]
[631] [1028]
[632] [1038]
[633] [1018]
[634] [1004]
[635] [996]
[636] [1030]
[637] [989]
[638] [1010]
[639] [988]
[640] [991]
[641] [1033]
[642] [966]
[643] [984]
[644] [1063]
[645] [1026]
[646] [1022]
[647] [1035]
[648] [974]
[649] [1024]
[650] [1013]
[651] [990]
[652] [998]
[653] [1002]
[654] [1034]
[655] [929]
[656] [1025]
[657] [993]
[658] [1006]
[659] [1026]
[660] [1018]
[661] [1022]
[662] [1055]
[663] [988]
[664] [1080]
[665] [988]
[666] [1008]
[667] [979]
[668] [982]
[669] [1027]
[670] [940]
[671] [962]
[672] [985]
[673] [953]
[674] [999]
[675] [985]
[676] [1024]
[677] [1045]
[678] [1004]
[679] [1003]
[680] [987]
[681] [974]
[682] [988]
[683] [1023]
[684] [1031]
[685] [987]
[686] [1013]
[687] [1005]
[688] [1038]
[689] [1046]
[690] [1014]
[691] [1004]
[692] [971]
[693] [1067]
[694] [965]
[695] [976]
[696] [1027]
[697] [1017]
[698] [974]
[699] [996]
[700] [985]
[701] [977]
[702] [1015]
[703] [1041]
[704] [1064]
[705] [1045]
[706] [945]
[707] [997]
[708] [934]
[709] [1024]
[710] [1016]
[711] [1045]
[712] [1023]
[713] [1030]
[714] [1042]
[715] [982]
[716] [938]
[717] [1065]
[718] [998]
[719] [1040]
[720] [1020]
[721] [988]
[722] [968]
[723] [1009]
[724] [966]
[725] [996]
[726] [1070]
[727] [1045]
[728] [989]
[729] [996]
[730] [1007]
[731] [1040]
[732] [1002]
[733] [991]
[734] [1017]
[735] [999]
[736] [940]
[737] [1001]
[738] [1016]
[739] [981]
[740] [973]
[741] [986]
[742] [1004]
[743] [1027]
[744] [952]
[745] [1012]
[746] [1050]
[747] [1005]
[748] [983]
[749] [1015]
[750] [1035]
[751] [993]
[752] [1026]
[753] [933]
[754] [963]
[755] [1030]
[756] [1020]
[757] [1018]
[758] [1045]
[759] [1007]
[760] [968]
[761] [945]
[762] [1013]
[763] [996]
[764] [1033]
[765] [966]
[766] [1019]
[767] [1011]
[768] [993]
[769] [973]
[770] [958]
[771] [968]
[772] [942]
[773] [983]
[774] [926]
[775] [962]
[776] [984]
[777] [1011]
[778] [1000]
[779] [977]
[780] [921]
[781] [959]
[782] [954]
[783] [971]
[784] [932]
[785] [1063]
[786] [1019]
[787] [961]
[788] [984]
[789] [987]
[790] [959]
[791] [1000]
[792] [1024]
[793] [943]
[794] [999]
[795] [981]
[796] [1006]
[797] [968]
[798] [935]
[799] [971]
[800] [995]
[801] [934]
[802] [942]
[803] [1025]
[804] [969]
[805] [965]
[806] [971]
[807] [976]
[808] [968]
[809] [962]
[810] [1002]
[811] [938]
[812] [993]
[813] [930]
[814] [1036]
[815] [1034]
[816] [978]
[817] [1019]
[818] [971]
[819] [995]
[820] [957]
[821] [992]
[822] [982]
[823] [974]
[824] [965]
[825] [985]
[826] [976]
[827] [1011]
[828] [940]
[829] [952]
[830] [938]
[831] [954]
[832] [997]
[833] [994]
[834] [899]
[835] [975]
[836] [1007]
[837] [968]
[838] [966]
[839] [929]
[840] [960]
[841] [955]
[842] [931]
[843] [968]
[844] [1041]
[845] [1007]
[846] [947]
[847] [989]
[848] [1044]
[849] [1009]
[850] [887]
[851] [983]
[852] [954]
[853] [977]
[854] [998]
[855] [945]
[856] [950]
[857] [994]
[858] [917]
[859] [946]
[860] [919]
[861] [997]
[862] [975]
[863] [941]
[864] [936]
[865] [984]
[866] [986]
[867] [972]
[868] [958]
[869] [975]
[870] [1017]
[871] [987]
[872] [963]
[873] [945]
[874] [998]
[875] [949]
[876] [1039]
[877] [948]
[878] [965]
[879] [958]
[880] [999]
[881] [972]
[882] [1001]
[883] [1013]
[884] [1018]
[885] [956]
[886] [962]
[887] [1014]
[888] [954]
[889] [1004]
[890] [962]
[891] [1009]
[892] [964]
[893] [965]
[894] [931]
[895] [1040]
[896] [1019]
[897] [1010]
[898] [1014]
[899] [1006]
[900] [974]
[901] [948]
[902] [947]
[903] [1012]
[904] [1053]
[905] [978]
[906] [1004]
[907] [992]
[908] [986]
[909] [972]
[910] [947]
[911] [989]
[912] [977]
[913] [932]
[914] [955]
[915] [974]
[916] [956]
[917] [1014]
[918] [1048]
[919] [954]
[920] [948]
[921] [996]
[922] [953]
[923] [1045]
[924] [984]
[925] [952]
[926] [973]
[927] [983]
[928] [984]
[929] [983]
[930] [950]
[931] [961]
[932] [975]
[933] [983]
[934] [909]
[935] [957]
[936] [943]
[937] [1034]
[938] [974]
[939] [997]
[940] [996]
[941] [996]
[942] [947]
[943] [930]
[944] [935]
[945] [962]
[946] [983]
[947] [1007]
[948] [1040]
[949] [938]
[950] [982]
[951] [947]
[952] [1027]
[953] [965]
[954] [970]
[955] [958]
[956] [986]
[957] [959]
[958] [929]
[959] [976]
[960] [974]
[961] [952]
[962] [1029]
[963] [959]
[964] [977]
[965] [956]
[966] [1010]
[967] [965]
[968] [1022]
[969] [1000]
[970] [990]
[971] [978]
[972] [949]
[973] [982]
[974] [955]
[975] [993]
[976] [989]
[977] [950]
[978] [1006]
[979] [918]
[980] [945]
[981] [972]
[982] [934]
[983] [964]
[984] [1016]
[985] [1009]
[986] [1020]
[987] [1012]
[988] [964]
[989] [1024]
[990] [996]
[991] [940]
[992] [948]
[993] [950]
[994] [947]
[995] [967]
[996] [972]
[997] [947]
[998] [938]
[999] [965]
